c This is the CNF input
p cnf 102 232
-97 79 0
-79 97 0
-98 80 0
-80 98 0
-99 81 0
-81 99 0
-100 82 0
-82 100 0
-101 83 0
-83 101 0
-102 84 0
-84 102 0
-46 51 0
-47 51 0
-48 54 0
-43 51 0
-45 51 0
-44 49 0
-70 75 0
-71 75 0
-72 78 0
-67 75 0
-69 75 0
-68 73 0
-80 0
-85 84 80 82 79 83 81 0
-80 90 86 88 85 89 87 0
-81 85 87 0
-87 84 80 82 83 81 0
-82 88 85 87 0
-88 84 80 82 0
-83 85 89 87 0
-89 80 83 0
-84 90 88 85 87 0
-90 84 80 0
-79 85 0
-86 80 0
-67 78 74 76 73 77 75 0
-74 72 68 70 67 71 69 0
-75 67 69 0
-69 78 74 76 77 75 0
-76 70 67 69 0
-70 78 74 76 0
-77 67 71 69 0
-71 74 77 0
-78 72 70 67 69 0
-72 78 74 0
-73 67 0
-68 74 0
48 0
72 0
-43 91 0
-44 92 0
80 -45 93 0
-80 -45 91 0
-82 -47 93 0
-83 -47 93 0
-84 -47 95 0
-79 -47 93 0
-80 -47 91 0
-81 -47 93 0
-82 -48 93 0
-83 -48 93 0
-84 -48 96 0
-79 -48 93 0
-80 -48 91 0
-81 -48 93 0
-82 -46 94 0
-83 -46 95 0
-84 -46 94 0
-79 -46 93 0
-80 -46 91 0
-81 -46 93 0
-84 0
-81 0
-79 0
-43 54 50 52 49 53 51 0
-50 48 44 46 43 47 45 0
-51 43 45 0
-45 54 50 52 53 51 0
-52 46 43 45 0
-46 54 50 52 0
-53 43 47 45 0
-47 50 53 0
-54 48 46 43 45 0
-48 54 50 0
-49 43 0
-44 50 0
91 92 93 94 95 96 0
-91 -92 0
-91 -93 0
-91 -94 0
-91 -95 0
-91 -96 0
-92 -93 0
-92 -94 0
-92 -95 0
-92 -96 0
-93 -94 0
-93 -95 0
-93 -96 0
-94 -95 0
-94 -96 0
-95 -96 0
97 98 99 100 101 102 0
-97 -98 0
-97 -99 0
-97 -100 0
-97 -101 0
-97 -102 0
-98 -99 0
-98 -100 0
-98 -101 0
-98 -102 0
-99 -100 0
-99 -101 0
-99 -102 0
-100 -101 0
-100 -102 0
-101 -102 0
43 44 45 46 47 48 0
-43 -44 0
-43 -45 0
-43 -46 0
-43 -47 0
-43 -48 0
-44 -45 0
-44 -46 0
-44 -47 0
-44 -48 0
-45 -46 0
-45 -47 0
-45 -48 0
-46 -47 0
-46 -48 0
-47 -48 0
49 50 51 52 53 54 0
-49 -50 0
-49 -51 0
-49 -52 0
-49 -53 0
-49 -54 0
-50 -51 0
-50 -52 0
-50 -53 0
-50 -54 0
-51 -52 0
-51 -53 0
-51 -54 0
-52 -53 0
-52 -54 0
-53 -54 0
61 62 63 64 65 66 0
-61 -62 0
-61 -63 0
-61 -64 0
-61 -65 0
-61 -66 0
-62 -63 0
-62 -64 0
-62 -65 0
-62 -66 0
-63 -64 0
-63 -65 0
-63 -66 0
-64 -65 0
-64 -66 0
-65 -66 0
67 68 69 70 71 72 0
-67 -68 0
-67 -69 0
-67 -70 0
-67 -71 0
-67 -72 0
-68 -69 0
-68 -70 0
-68 -71 0
-68 -72 0
-69 -70 0
-69 -71 0
-69 -72 0
-70 -71 0
-70 -72 0
-71 -72 0
73 74 75 76 77 78 0
-73 -74 0
-73 -75 0
-73 -76 0
-73 -77 0
-73 -78 0
-74 -75 0
-74 -76 0
-74 -77 0
-74 -78 0
-75 -76 0
-75 -77 0
-75 -78 0
-76 -77 0
-76 -78 0
-77 -78 0
79 80 81 82 83 84 0
-79 -80 0
-79 -81 0
-79 -82 0
-79 -83 0
-79 -84 0
-80 -81 0
-80 -82 0
-80 -83 0
-80 -84 0
-81 -82 0
-81 -83 0
-81 -84 0
-82 -83 0
-82 -84 0
-83 -84 0
85 86 87 88 89 90 0
-85 -86 0
-85 -87 0
-85 -88 0
-85 -89 0
-85 -90 0
-86 -87 0
-86 -88 0
-86 -89 0
-86 -90 0
-87 -88 0
-87 -89 0
-87 -90 0
-88 -89 0
-88 -90 0
-89 -90 0

